PF3D7_0100100	Pf7G8_070005200	88.89	135	4	2	1	124	1	135	2e-84	  241
PF3D7_0100300	PfSN01_100005400	100.00	118	0	0	1	118	1	118	3e-85	  242
PF3D7_0115700	PfGB4_120024100	59.84	122	45	2	1	122	1	118	3e-49	  150
PF3D7_0200100	PfRAJ116_KNC36060	69.77	129	30	5	1	129	1	120	2e-55	  167
PF3D7_0223500	PfGB4_080013900	69.17	133	30	2	1	133	1	122	7e-64	  188
PF3D7_0300100	PfGB4_090005500	81.51	119	20	1	1	119	1	117	6e-68	  198
PF3D7_0324900	PfRAJ116_KNC35021	69.47	131	37	2	1	130	1	129	1e-62	  185
PF3D7_0400100	Pf7G8_050038400	66.42	134	37	2	1	134	1	126	2e-59	  177
PF3D7_0400400	PfIT_030029700	86.09	115	15	1	1	114	1	115	6e-69	  200
PF3D7_0412400	PfIT_080013800	64.29	140	40	4	1	136	1	134	5e-58	  174
PF3D7_0412700	PF3D7_0412900	85.11	141	13	3	1	137	1	137	6e-76	  220
PF3D7_0412900	PF3D7_0413100	84.40	141	16	2	1	137	1	139	3e-83	  238
PF3D7_0413100	PF3D7_0412900	86.52	141	13	2	1	139	1	137	5e-82	  235
PF3D7_0420700	PF3D7_0420900	100.00	127	0	0	1	127	1	127	1e-92	  261
PF3D7_0420900	PF3D7_0420700	100.00	127	0	0	1	127	1	127	1e-92	  261
PF3D7_0421100	PfIT_070016900	72.13	122	27	2	1	119	1	118	2e-61	  182
PF3D7_0421300	PfSD01_130079200	66.94	121	39	1	1	121	1	120	2e-56	  169
PF3D7_0425800	PfGB4_030006000	65.12	129	36	3	1	121	1	128	3e-54	  164
PF3D7_0426000	PfGN01_070017200	68.94	132	34	4	1	128	1	129	1e-57	  172
PF3D7_0500100	PF3D7_1300100	100.00	143	0	0	1	143	1	143	4e-106	  297
PF3D7_0600400	PfSN01_000005400	78.45	116	25	0	1	116	1	116	5e-66	  193
PF3D7_0617400	PfGA01_060022400	100.00	120	0	0	1	120	1	120	1e-87	  248
PF3D7_0632500	PfIT_120045600	66.15	130	38	4	1	125	1	129	7e-53	  160
PF3D7_0632800	PfIGH-CR14_KNG75771	71.54	123	30	3	1	119	1	122	6e-55	  165
PF3D7_0700100	PfGN01_040026300	57.82	147	45	5	1	140	1	137	6e-54	  164
PF3D7_0711700	PfGA01_080012300	71.43	133	26	3	1	126	1	128	8e-65	  191
PF3D7_0712000	PfGB4_030005800	64.29	140	35	3	1	128	1	137	9e-58	  173
PF3D7_0712300	PfGN01_120046100	64.44	135	44	3	1	134	1	132	1e-58	  176
PF3D7_0712400	PfGB4_120024100	64.57	127	36	2	1	127	1	118	4e-55	  166
PF3D7_0712600	PfKE01_040019800	68.31	142	36	4	1	135	1	140	4e-62	  184
PF3D7_0712800	PfCD01_030005500	66.67	123	33	3	1	116	1	122	2e-54	  164
PF3D7_0712900	PfKH02_100045500	72.14	140	24	4	1	125	1	140	4e-67	  197
PF3D7_0733000	PfKH01_020028300	70.63	126	23	3	1	119	1	119	6e-58	  173
PF3D7_0800100	PfSD01_070028600	70.54	129	28	4	1	126	1	122	3e-57	  171
PF3D7_0800200	PfDd2_070005500	85.45	110	16	0	1	110	1	110	6e-70	  202
PF3D7_0808600	PfIGH-CR14_KNG73994	67.67	133	36	4	1	130	1	129	5e-57	  171
PF3D7_0808700	PfGA01_080012300	75.19	129	27	2	1	125	1	128	3e-63	  187
PF3D7_0809100	PfSN01_060005100	61.11	126	48	1	1	125	1	126	7e-56	  168
PF3D7_0833500	PfHB3_000008800	69.05	126	35	2	1	126	1	122	4e-60	  179
PF3D7_0900100	PfGA01_000007100	63.31	139	44	3	1	133	1	138	5e-58	  174
PF3D7_0937600	PfGB4_070037400	81.20	117	21	1	1	117	1	116	2e-65	  192
PF3D7_0937800	PfGN01_100005600	65.91	132	42	2	1	132	1	129	9e-59	  176
PF3D7_1000100	PF3D7_0421300	65.60	125	37	3	1	123	1	121	3e-54	  164
PF3D7_1041300	PfKE01_110005600	67.20	125	37	2	1	121	1	125	2e-54	  164
PF3D7_1100100	PfDd2_130078800	64.84	128	38	1	1	128	1	121	1e-59	  177
PF3D7_1100200	PfGB4_030006000	63.85	130	44	2	1	129	1	128	6e-56	  168
PF3D7_1150400	PfIT_100044000	77.31	119	25	2	1	118	1	118	1e-62	  184
PF3D7_1200100	PfGN01_120046500	78.15	119	25	1	1	119	1	118	8e-67	  195
PF3D7_1200400	PfCD01_020027200	71.77	124	28	3	1	118	1	123	4e-61	  181
PF3D7_1219300	PfKE01_090005300	61.83	131	48	2	1	130	1	130	1e-57	  173
PF3D7_1240300	PfHB3_120045000	100.00	119	0	0	1	119	1	119	9e-88	  248
PF3D7_1240400	PfIGH-CR14_KNG74644	68.42	133	33	3	1	125	1	132	2e-58	  174
PF3D7_1240600	PfGA01_070015100	66.17	133	38	3	1	126	1	133	4e-57	  171
PF3D7_1240900	PfGB4_000011100	66.17	133	36	2	1	124	1	133	9e-60	  178
PF3D7_1255200	PfGB4_120045600	69.05	126	35	2	1	122	1	126	5e-61	  181
PF3D7_1300100	PF3D7_0500100	100.00	143	0	0	1	143	1	143	4e-106	  297
PF3D7_1300300	PfIGH-CR14_KNG74946	77.88	113	25	0	1	113	1	113	3e-59	  176
PF3D7_1373500	PfRAJ116_KNC35208	65.97	144	41	3	1	140	1	140	5e-62	  184
Pf7G8_000005200	PfIT_070016900	77.12	118	25	1	1	116	1	118	6e-61	  180
Pf7G8_010005400	PfCD01_090005600	63.70	135	43	3	1	134	1	130	6e-58	  174
Pf7G8_010005600	PfRAJ116_KNC35324	99.10	111	1	0	1	111	1	111	1e-80	  229
Pf7G8_020005600	Pf7G8_070017300	71.07	121	27	2	1	121	1	113	1e-55	  167
Pf7G8_020026900	PfGN01_090042900	72.17	115	32	0	1	115	1	115	1e-57	  172
Pf7G8_030005900	PfKH02_030006200	95.65	115	5	0	1	115	1	115	2e-80	  230
Pf7G8_030030400	PfGN01_110054700	69.35	124	31	2	1	124	1	117	7e-60	  177
Pf7G8_040005600	PfDd2_130078800	68.50	127	33	2	1	126	1	121	2e-59	  177
Pf7G8_040017600	Pf7G8_040017900	100.00	126	0	0	1	126	1	126	3e-93	  263
Pf7G8_040017900	Pf7G8_040017600	100.00	126	0	0	1	126	1	126	3e-93	  263
Pf7G8_040025600	PfHB3_000008800	58.52	135	43	1	1	135	1	122	9e-54	  163
Pf7G8_040030800	PfGA01_030032200	67.19	128	36	2	1	126	1	124	2e-58	  174
Pf7G8_050005300	PfRAJ116_KNC35070	71.07	121	34	1	1	120	1	121	6e-61	  181
Pf7G8_050005500	PfGB4_030006600	76.79	112	24	2	1	112	1	110	1e-57	  171
Pf7G8_050038200	PfCD01_090042900	70.40	125	33	1	1	121	1	125	8e-61	  180
Pf7G8_050038400	PfGB4_140085400	67.94	131	37	3	1	126	1	131	6e-62	  184
Pf7G8_060022500	PfGB4_010005500	70.91	110	31	1	1	109	1	110	3e-54	  162
Pf7G8_070005200	PF3D7_0100100	88.89	135	4	2	1	135	1	124	2e-84	  241
Pf7G8_070017100	PfGB4_080013400	69.77	129	35	3	1	126	1	128	9e-61	  181
Pf7G8_070017300	PfGB4_070017700	72.57	113	31	0	1	113	1	113	4e-62	  183
Pf7G8_070017600	PfRAJ116_KNC35205	66.43	140	38	2	1	140	1	131	1e-65	  194
Pf7G8_070018000	PfKH02_040026600	68.38	136	36	4	1	135	1	130	2e-59	  177
Pf7G8_070018200	PfKE01_120046300	71.32	129	30	4	1	126	1	125	4e-59	  176
Pf7G8_070018300	PfIT_070017200	99.18	122	1	0	1	122	1	122	4e-88	  249
Pf7G8_080005400	PfIT_040005400	63.77	138	49	1	1	137	1	138	1e-62	  186
Pf7G8_080013800	PfGB4_080013300	66.67	138	38	4	1	132	1	136	2e-59	  178
Pf7G8_080013900	PfGN01_030030400	80.73	109	20	1	1	109	1	108	3e-61	  180
Pf7G8_080014200	PfKE01_080005400	72.46	138	34	3	1	137	1	135	2e-67	  198
Pf7G8_080038300	PfIGH-CR14_KNG75234	98.39	124	0	1	1	124	1	122	5e-87	  247
Pf7G8_090005600	PfIT_120005500	66.42	134	44	1	1	134	1	133	1e-60	  181
Pf7G8_090042800	PfGA01_120024100	64.12	131	43	2	1	127	1	131	2e-56	  170
Pf7G8_120005400	Pf7G8_120060000	100.00	132	0	0	1	132	1	132	2e-98	  276
Pf7G8_120024100	PfCD01_080014400	65.69	137	37	4	1	128	1	136	3e-59	  177
Pf7G8_120045700	PfHB3_120045000	100.00	119	0	0	1	119	1	119	9e-88	  248
Pf7G8_120045800	PF3D7_0412700	64.23	137	37	4	1	125	1	137	3e-55	  166
Pf7G8_120046200	PfIGH-CR14_KNG74195	65.31	147	38	5	1	139	1	142	5e-60	  179
Pf7G8_120046400	PfKH01_030030500	68.55	124	30	3	1	115	1	124	3e-54	  163
Pf7G8_120046600	PfIT_020027600	68.22	129	33	4	1	127	1	123	4e-57	  171
Pf7G8_120046700	PfGN01_090005700	73.39	124	31	1	1	124	1	122	8e-64	  188
Pf7G8_120060000	Pf7G8_120005400	100.00	132	0	0	1	132	1	132	2e-98	  276
Pf7G8_140084600	PF3D7_1240400	68.00	125	34	2	1	119	1	125	5e-55	  165
PfCD01_000006600	PfCD01_070016300	69.23	130	34	2	1	127	1	127	1e-60	  180
PfCD01_000010300	PfCD01_080014700	64.03	139	40	3	1	132	1	136	1e-57	  173
PfCD01_010006000	PfRAJ116_KNC36035	68.15	135	33	3	1	135	1	125	4e-60	  179
PfCD01_010019500	PfGB4_140085400	75.00	132	22	3	1	122	1	131	3e-65	  192
PfCD01_010019600	PfSN01_080012800	67.91	134	34	3	1	130	1	129	2e-59	  177
PfCD01_020005900	PfIGH-CR14_KNG74202	70.29	138	31	5	1	131	1	135	4e-62	  184
PfCD01_020006000	PfCD01_070035800	61.90	126	46	1	1	126	1	124	2e-55	  167
PfCD01_020027200	PfKH01_040026500	70.16	124	36	1	1	123	1	124	2e-61	  182
PfCD01_030005500	PfGN01_040026400	67.72	127	36	3	1	122	1	127	3e-57	  171
PfCD01_030030500	Pf7G8_030030400	66.13	124	27	2	1	109	1	124	7e-54	  162
PfCD01_040017400	PfHB3_020026500	67.46	126	32	3	1	123	1	120	3e-57	  171
PfCD01_040018100	PfKE01_040019700	100.00	125	0	0	1	125	1	125	1e-91	  259
PfCD01_040018200	PfKE01_040019800	100.00	140	0	0	1	140	1	140	1e-102	  288
PfCD01_040018400	PfSD01_070029000	100.00	123	0	0	1	123	1	123	2e-91	  258
PfCD01_040026200	PfGN01_040026100	78.90	109	23	0	1	109	1	109	1e-59	  176
PfCD01_040026400	PfSN01_050037900	72.52	131	32	2	1	127	1	131	4e-65	  192
PfCD01_040026500	PfGA01_120045500	72.95	122	28	1	1	117	1	122	7e-62	  182
PfCD01_040031100	PfDd2_130078800	66.40	125	37	2	1	124	1	121	4e-59	  176
PfCD01_050005600	PfIGH-CR14_KNG77990	65.49	142	42	3	1	142	1	135	3e-62	  185
PfCD01_050039400	PfDd2_010019400	81.74	115	20	1	1	115	1	114	1e-66	  195
PfCD01_050039600	PfGB4_000018300	70.99	131	23	4	1	126	1	121	5e-59	  176
PfCD01_060005300	PfGA01_030005800	65.69	137	33	4	1	131	1	129	4e-54	  164
PfCD01_060005500	PfKH02_020026400	62.70	126	36	1	1	115	1	126	2e-54	  164
PfCD01_060023000	PfSN01_060022500	100.00	110	0	0	1	110	1	110	6e-81	  231
PfCD01_070005300	PfKH01_040018500	67.91	134	34	3	1	130	1	129	1e-62	  186
PfCD01_070015600	PfKH01_090005300	67.50	120	31	3	1	114	1	118	2e-53	  160
PfCD01_070015700	PfGB4_070017700	75.22	113	24	1	1	109	1	113	3e-62	  183
PfCD01_070016000	PfHB3_010005400	72.58	124	31	2	1	123	1	122	2e-60	  179
PfCD01_070016300	PfGA01_100045500	75.78	128	27	3	1	127	1	125	5e-62	  184
PfCD01_070016800	PfGA01_060005100	65.91	132	38	4	1	128	1	129	3e-56	  169
PfCD01_070035600	PfSN01_100005400	100.00	118	0	0	1	118	1	118	3e-85	  242
PfCD01_070035800	PfCD01_020006000	61.90	126	46	1	1	124	1	126	2e-55	  167
PfCD01_080005300	PfKE01_120045700	70.34	118	25	3	1	116	1	110	2e-54	  163
PfCD01_080005400	PfHB3_020005900	78.07	114	23	1	1	112	1	114	2e-59	  176
PfCD01_080013700	PfIT_140006200	78.45	116	25	0	1	116	1	116	2e-65	  192
PfCD01_080013800	PfRAJ116_KNC35021	69.77	129	37	2	1	127	1	129	6e-62	  184
PfCD01_080014000	PfRAJ116_KNC35072	65.87	126	40	3	1	126	1	123	3e-58	  174
PfCD01_080014400	PfIGH-CR14_KNG73992	65.25	141	41	3	1	136	1	138	9e-61	  181
PfCD01_080014700	PfGA01_080012500	67.15	137	36	3	1	136	1	129	1e-62	  186
PfCD01_080039400	PfGA01_000006700	65.03	143	44	4	1	141	1	139	2e-61	  183
PfCD01_090005600	Pf7G8_010005400	63.70	135	43	3	1	130	1	134	6e-58	  174
PfCD01_090005800	PfDd2_010005500	99.12	114	1	0	1	114	1	114	2e-82	  235
PfCD01_090042900	Pf7G8_050038200	70.40	125	33	1	1	125	1	121	8e-61	  180
PfCD01_100005600	PfIGH-CR14_KNG75312	61.31	137	40	2	1	133	1	128	5e-57	  171
PfCD01_100045400	PfSN01_000009500	63.08	130	33	3	1	119	1	126	1e-52	  159
PfCD01_100045500	Pf7G8_040030800	65.87	126	34	4	1	117	1	126	2e-51	  156
PfCD01_110005900	Pf7G8_120046400	62.39	117	41	3	1	116	1	115	1e-49	  151
PfCD01_120005500	PfCD01_130078600	71.54	130	33	2	1	127	1	129	8e-61	  181
PfCD01_120045000	PfIT_120045200	100.00	129	0	0	1	129	1	129	6e-97	  273
PfCD01_120045100	PfGA01_140085000	67.72	127	40	1	1	127	1	126	2e-60	  180
PfCD01_120045200	PfHB3_070015700	73.23	127	34	0	1	127	1	127	9e-59	  176
PfCD01_120045400	PfHB3_040016800	62.59	139	48	2	1	139	1	135	3e-61	  182
PfCD01_120045700	PfHB3_090005500	66.19	139	41	4	1	136	1	136	6e-60	  179
PfCD01_120058500	PfIT_040025800	68.12	138	40	3	1	137	1	135	2e-61	  183
PfCD01_130005500	PfGB4_070017200	66.44	149	41	7	1	146	1	143	5e-61	  182
PfCD01_130078400	PfSN01_000020900	90.91	110	10	0	1	110	1	110	1e-74	  214
PfCD01_130078600	PfCD01_120005500	71.54	130	33	2	1	129	1	127	8e-61	  181
PfCD01_140005600	PfIT_120005500	70.68	133	35	2	1	129	1	133	4e-63	  187
PfCD01_140086300	PfIT_120005500	67.91	134	42	1	1	134	1	133	4e-63	  187
PfDd2_010005300	PfDd2_100046000	100.00	123	0	0	1	123	1	123	4e-90	  254
PfDd2_010005500	PfCD01_090005800	99.12	114	1	0	1	114	1	114	2e-82	  235
PfDd2_010019400	PfCD01_050039400	81.74	115	20	1	1	114	1	115	1e-66	  195
PfDd2_020025400	PfIGH-CR14_KNG76129	69.53	128	35	2	1	125	1	127	4e-63	  186
PfDd2_030005400	PfSD01_070005600	72.65	117	31	1	1	116	1	117	6e-61	  180
PfDd2_030029800	PfKH02_070015000	77.42	124	25	1	1	121	1	124	2e-67	  197
PfDd2_040005100	PfRAJ116_KNC35324	100.00	111	0	0	1	111	1	111	3e-81	  231
PfDd2_040017700	PfGB4_090005500	79.66	118	21	2	1	116	1	117	4e-66	  193
PfDd2_040017800	PfGB4_040018400	82.88	111	18	1	1	110	1	111	7e-65	  189
PfDd2_040018000	PfDd2_040017800	76.61	124	15	3	1	124	1	110	2e-61	  182
PfDd2_040025900	PfGA01_060022400	97.50	120	3	0	1	120	1	120	3e-86	  245
PfDd2_040026300	PfHB3_000006400	73.02	126	29	2	1	126	1	121	5e-62	  183
PfDd2_050005000	PfKH01_090042500	65.47	139	39	2	1	130	1	139	1e-59	  178
PfDd2_050039000	PfCD01_010019500	71.31	122	34	1	1	121	1	122	4e-61	  181
PfDd2_060022300	PfKH02_060023900	100.00	128	0	0	1	128	1	128	5e-94	  265
PfDd2_060036900	PfIGH-CR14_KNG76228	63.33	120	41	2	1	119	1	118	1e-52	  159
PfDd2_070005300	PfGN01_090005700	64.89	131	36	5	1	130	1	122	5e-54	  163
PfDd2_070005500	PF3D7_0800200	85.45	110	16	0	1	110	1	110	6e-70	  202
PfDd2_070015900	PfIT_070016600	100.00	110	0	0	1	110	1	110	1e-80	  229
PfDd2_070016000	PfIT_070016700	100.00	115	0	0	1	115	1	115	5e-85	  241
PfDd2_070016200	PfIT_070016900	100.00	118	0	0	1	118	1	118	1e-86	  245
PfDd2_070016400	PfIT_070017100	100.00	123	0	0	1	123	1	123	4e-91	  257
PfDd2_070016500	PfIT_070017200	100.00	122	0	0	1	122	1	122	3e-89	  252
PfDd2_070035700	PfGN01_140085400	76.11	113	27	0	1	113	1	113	3e-62	  183
PfDd2_070035800	PfGN01_090043100	72.73	110	29	1	1	109	1	110	2e-54	  163
PfDd2_080005500	PfGN01_030030800	97.04	135	4	0	1	135	1	135	7e-97	  273
PfDd2_080013900	PfRAJ116_KNC35299	100.00	140	0	0	1	140	1	140	3e-103	  290
PfDd2_080014100	PfGN01_080014800	76.30	135	26	3	1	135	1	129	2e-71	  208
PfDd2_080014300	PfSN01_070016700	69.29	140	40	2	1	140	1	137	3e-65	  192
PfDd2_090006100	PfKH02_030006200	72.17	115	31	1	1	114	1	115	2e-55	  166
PfDd2_100045900	PfKE01_010005000	82.61	115	20	0	1	115	1	115	6e-70	  203
PfDd2_100046000	PfDd2_010005300	100.00	123	0	0	1	123	1	123	4e-90	  254
PfDd2_110053300	PfGN01_050037800	83.21	137	21	1	1	135	1	137	3e-79	  228
PfDd2_110053400	PfKH01_040018300	67.88	137	31	3	1	124	1	137	3e-62	  184
PfDd2_120023900	PfRAJ116_KNC36455	98.37	123	2	0	1	123	1	123	6e-88	  249
PfDd2_120045300	PfDd2_110053400	70.87	127	25	3	1	118	1	124	5e-56	  168
PfDd2_120045700	PfIGH-CR14_KNG73992	67.61	142	38	5	1	138	1	138	8e-62	  184
PfDd2_120045900	PfDd2_120045700	66.67	138	34	5	1	126	1	138	1e-55	  167
PfDd2_120046200	PfHB3_010005400	62.10	124	45	1	1	124	1	122	4e-57	  171
PfDd2_130005700	PfIGH-CR14_KNG75945	66.67	126	33	3	1	125	1	118	9e-57	  170
PfDd2_130078700	PfIT_120060300	75.21	117	28	1	1	116	1	117	4e-60	  178
PfDd2_130078800	PF3D7_1100100	64.84	128	38	1	1	121	1	128	9e-60	  177
PfGA01_000006700	PfGA01_000006900	100.00	139	0	0	1	139	1	139	8e-103	  288
PfGA01_000006900	PfGA01_000006700	100.00	139	0	0	1	139	1	139	8e-103	  288
PfGA01_000007100	PfGA01_000006700	80.00	140	25	2	1	138	1	139	1e-79	  229
PfGA01_000007400	PfGA01_000007100	82.61	138	12	3	1	126	1	138	9e-75	  216
PfGA01_000007700	PfGN01_120046300	68.29	123	38	1	1	123	1	122	3e-56	  168
PfGA01_000009400	PfIGH-CR14_KNG73992	67.39	138	45	0	1	138	1	138	4e-65	  192
PfGA01_010005500	PfGA01_080012300	63.85	130	40	3	1	125	1	128	6e-57	  171
PfGA01_010005600	PfIGH-CR14_KNG75243	100.00	110	0	0	1	110	1	110	1e-80	  230
PfGA01_010020300	PfDd2_130078800	69.11	123	36	2	1	123	1	121	2e-59	  177
PfGA01_020025500	PfCD01_060005500	71.67	120	29	4	1	120	1	115	8e-54	  162
PfGA01_030005800	PfCD01_020005900	64.89	131	44	1	1	129	1	131	2e-60	  180
PfGA01_030032000	PfDd2_070005500	72.73	110	30	0	1	110	1	110	1e-59	  176
PfGA01_030032200	PfGA01_050037600	100.00	124	0	0	1	124	1	124	2e-90	  256
PfGA01_040005800	PfIGH-CR14_KNG74264	82.91	117	20	0	1	117	1	117	2e-70	  204
PfGA01_040017300	PfIT_040017000	77.85	149	20	2	1	137	1	148	2e-79	  229
PfGA01_040017500	PfSD01_070029000	100.00	123	0	0	1	123	1	123	2e-91	  258
PfGA01_040025200	PfKH02_040026700	66.94	124	35	3	1	119	1	123	4e-54	  163
PfGA01_040025800	PfKH01_130076900	66.67	108	36	0	1	108	1	108	8e-51	  154
PfGA01_040030900	Pf7G8_120046600	64.06	128	43	2	1	126	1	127	4e-56	  169
PfGA01_050037300	PfSD01_070015800	82.46	114	18	1	1	112	1	114	5e-66	  193
PfGA01_050037600	PfGA01_030032200	100.00	124	0	0	1	124	1	124	2e-90	  256
PfGA01_060005100	PfCD01_070005300	66.41	131	41	2	1	129	1	130	9e-62	  183
PfGA01_060005600	PfIT_120060400	84.26	108	17	0	1	108	1	108	1e-66	  194
PfGA01_060022400	PF3D7_0617400	100.00	120	0	0	1	120	1	120	1e-87	  248
PfGA01_070015100	PfGA01_070015400	100.00	133	0	0	1	133	1	133	1e-99	  280
PfGA01_070015400	PfGA01_070015100	100.00	133	0	0	1	133	1	133	1e-99	  280
PfGA01_070015600	PfGB4_070017700	89.38	113	12	0	1	113	1	113	2e-74	  214
PfGA01_070015800	PfSN01_120046000	73.17	123	29	2	1	119	1	123	3e-63	  186
PfGA01_070015900	PfKH02_040026700	69.35	124	35	3	1	122	1	123	3e-55	  166
PfGA01_070036400	PfKH01_060006700	61.90	126	43	3	1	126	1	121	1e-52	  160
PfGA01_080012300	PF3D7_0808700	75.19	129	27	2	1	128	1	125	3e-63	  187
PfGA01_080012500	PfHB3_120045800	70.23	131	34	3	1	129	1	128	2e-62	  185
PfGA01_080012800	Pf7G8_070017600	66.90	145	40	2	1	142	1	140	8e-67	  197
PfGA01_080036000	PfRAJ116_KNC35276	72.36	123	29	2	1	120	1	121	7e-59	  175
PfGA01_080036900	PfRAJ116_KNC35591	65.83	120	40	1	1	120	1	119	5e-56	  168
PfGA01_090005300	PfDd2_110053400	67.19	128	35	3	1	125	1	124	2e-59	  177
PfGA01_090005500	PfGA01_120060600	73.28	116	28	2	1	113	1	116	3e-56	  168
PfGA01_100005400	PfGB4_040026000	100.00	121	0	0	1	121	1	121	2e-89	  253
PfGA01_100045300	PfSN01_050037800	70.18	114	33	1	1	113	1	114	2e-53	  160
PfGA01_100045400	PfKH02_120045600	62.07	145	37	4	1	140	1	132	1e-54	  166
PfGA01_100045500	PfCD01_070016300	75.78	128	27	3	1	125	1	127	5e-62	  184
PfGA01_110005400	PfKE01_000007800	60.14	143	40	4	1	136	1	133	4e-55	  167
PfGA01_110054200	PfGA01_110054400	100.00	128	0	0	1	128	1	128	2e-93	  263
PfGA01_110054400	PfGA01_110054200	100.00	128	0	0	1	128	1	128	2e-93	  263
PfGA01_120005500	PfGN01_120046500	83.05	118	20	0	1	118	1	118	4e-72	  209
PfGA01_120024100	PfIGH-CR14_KNG75277	64.12	131	43	1	1	131	1	127	4e-58	  174
PfGA01_120044800	PfHB3_120045000	100.00	119	0	0	1	119	1	119	9e-88	  248
PfGA01_120044900	PfGB4_120045900	74.79	119	22	3	1	112	1	118	1e-59	  177
PfGA01_120045500	PfCD01_040026500	72.95	122	28	1	1	122	1	117	7e-62	  182
PfGA01_120045900	PfGA01_120046300	100.00	152	0	0	1	152	1	152	2e-112	  314
PfGA01_120046300	PfGA01_120045900	100.00	152	0	0	1	152	1	152	2e-112	  314
PfGA01_120060600	PfDd2_070005500	75.00	116	23	2	1	116	1	110	2e-58	  174
PfGA01_120060800	Pf7G8_040005600	64.29	126	40	1	1	121	1	126	2e-58	  174
PfGA01_130005500	PfGB4_120024100	69.49	118	34	2	1	116	1	118	6e-54	  162
PfGA01_140005500	PfKH01_040018300	64.96	137	44	2	1	133	1	137	8e-65	  191
PfGA01_140085000	PfCD01_120045100	67.72	127	40	1	1	126	1	127	2e-60	  180
PfGB4_000006700	PfSN01_130075400	100.00	116	0	0	1	116	1	116	9e-85	  241
PfGB4_000006900	PfCD01_080014000	60.47	129	40	2	1	121	1	126	9e-52	  157
PfGB4_000008400	PfKE01_120046300	68.00	125	38	2	1	123	1	125	6e-55	  166
PfGB4_000011000	Pf7G8_070017300	62.28	114	42	1	1	114	1	113	4e-50	  152
PfGB4_000011100	PfKE01_080005400	64.75	139	39	3	1	133	1	135	4e-61	  182
PfGB4_000013800	PfGN01_000022200	78.26	115	24	1	1	114	1	115	6e-63	  185
PfGB4_000015900	PfCD01_050039400	73.04	115	31	0	1	115	1	115	1e-61	  182
PfGB4_000016100	PfDd2_120045700	57.04	142	57	2	1	142	1	138	1e-56	  171
PfGB4_000016600	PfGN01_100005600	66.15	130	42	2	1	129	1	129	1e-58	  175
PfGB4_000018300	PfCD01_050039600	70.99	131	23	4	1	121	1	126	4e-59	  176
PfGB4_000018400	PfKE01_070035100	78.95	114	21	2	1	111	1	114	8e-63	  184
PfGB4_010005400	PfSN01_060037900	65.57	122	30	3	1	110	1	122	5e-49	  150
PfGB4_010005500	PfKH02_060023700	84.55	110	17	0	1	110	1	110	1e-68	  199
PfGB4_010019100	PfSN01_070005700	100.00	110	0	0	1	110	1	110	2e-80	  229
PfGB4_010019400	PfCD01_080013700	62.93	116	43	0	1	116	1	116	2e-51	  155
PfGB4_030005800	PfIT_120046200	73.76	141	33	2	1	137	1	141	6e-66	  194
PfGB4_030006000	PfKH02_030030250	71.32	129	36	1	1	128	1	129	3e-61	  182
PfGB4_030006600	PfGB4_040005800	74.56	114	25	1	1	110	1	114	1e-61	  181
PfGB4_030031000	PfGN01_000022200	100.00	115	0	0	1	115	1	115	2e-84	  240
PfGB4_030031100	PfGB4_110006600	100.00	126	0	0	1	126	1	126	5e-93	  263
PfGB4_040005600	PfGB4_050005300	100.00	115	0	0	1	115	1	115	3e-84	  239
PfGB4_040005800	PfGB4_030006600	74.56	114	25	1	1	114	1	110	1e-61	  181
PfGB4_040006200	PfCD01_090042900	63.20	125	30	1	1	109	1	125	9e-54	  162
PfGB4_040017800	PfIGH-CR14_KNG76199	65.41	133	38	5	1	128	1	130	2e-56	  170
PfGB4_040018100	PfIGH-CR14_KNG74195	64.83	145	32	3	1	129	1	142	1e-61	  183
PfGB4_040018400	PfDd2_040017800	82.88	111	18	1	1	111	1	110	7e-65	  189
PfGB4_040026000	PfGA01_100005400	100.00	121	0	0	1	121	1	121	2e-89	  253
PfGB4_040031300	PfGB4_100004900	66.39	122	35	2	1	122	1	116	4e-52	  158
PfGB4_040031500	PfKH01_120046900	59.82	112	41	1	1	112	1	108	8e-47	  144
PfGB4_050005300	PfGB4_040005600	100.00	115	0	0	1	115	1	115	3e-84	  239
PfGB4_050005400	PfIT_070005900	88.03	117	12	2	1	117	1	115	1e-71	  207
PfGB4_060022000	PF3D7_0712400	64.57	127	37	3	1	119	1	127	7e-53	  160
PfGB4_070005800	PfHB3_070016000	72.22	126	33	1	1	124	1	126	2e-63	  187
PfGB4_070006000	PfKH01_010021400	73.64	110	29	0	1	110	1	110	2e-58	  173
PfGB4_070016900	PfKH01_090042500	66.19	139	45	2	1	137	1	139	5e-62	  184
PfGB4_070017200	PfIGH-CR14_KNG74275	66.21	145	41	3	1	143	1	139	1e-62	  186
PfGB4_070017600	Pf7G8_120046700	62.90	124	44	2	1	122	1	124	4e-51	  155
PfGB4_070017700	PfGA01_070015600	89.38	113	12	0	1	113	1	113	2e-74	  214
PfGB4_070017900	PfIT_070016900	100.00	118	0	0	1	118	1	118	1e-86	  245
PfGB4_070018100	PfIT_070017100	100.00	123	0	0	1	123	1	123	4e-91	  257
PfGB4_070018200	PfIT_070017200	100.00	122	0	0	1	122	1	122	3e-89	  252
PfGB4_070037400	PfSN01_130075400	99.14	116	1	0	1	116	1	116	1e-83	  238
PfGB4_070037600	PfIT_080014100	64.58	144	42	4	1	141	1	138	4e-65	  192
PfGB4_080013300	PfGB4_080013400	77.94	136	22	3	1	136	1	128	1e-68	  201
PfGB4_080013400	PfGB4_080013300	77.94	136	22	3	1	128	1	136	1e-68	  201
PfGB4_080013600	Pf7G8_000005200	73.73	118	29	1	1	118	1	116	3e-63	  186
PfGB4_080013900	PF3D7_0223500	69.17	133	30	2	1	122	1	133	7e-64	  188
PfGB4_090005500	PF3D7_0300100	81.51	119	20	1	1	117	1	119	6e-68	  198
PfGB4_090005700	PfSN01_130075400	100.00	116	0	0	1	116	1	116	9e-85	  241
PfGB4_100004900	PfCD01_090042900	64.80	125	35	1	1	116	1	125	9e-55	  165
PfGB4_110006600	PfGB4_030031100	100.00	126	0	0	1	126	1	126	5e-93	  263
PfGB4_110006800	PfDd2_100045900	74.78	115	29	0	1	115	1	115	4e-60	  178
PfGB4_110057300	PfDd2_040026300	67.69	130	35	3	1	127	1	126	4e-58	  174
PfGB4_120024100	PfCD01_040026500	67.80	118	37	1	1	118	1	117	1e-56	  169
PfGB4_120045400	PfRAJ116_KNC35509	82.68	127	19	2	1	127	1	124	1e-71	  208
PfGB4_120045600	PF3D7_1255200	69.05	126	35	2	1	126	1	122	5e-61	  181
PfGB4_120045900	PfGA01_120044900	74.79	119	22	3	1	118	1	112	1e-59	  177
PfGB4_130005700	PfIT_140085700	67.97	128	37	3	1	127	1	125	1e-57	  172
PfGB4_130079400	PfGB4_140085400	100.00	131	0	0	1	131	1	131	6e-99	  278
PfGB4_140005500	PfIGH-CR14_KNG74786	68.00	125	35	3	1	121	1	124	8e-57	  170
PfGB4_140085400	PfGB4_130079400	100.00	131	0	0	1	131	1	131	6e-99	  278
PfGN01_000022100	PF3D7_0809100	60.16	128	42	3	1	122	1	125	1e-52	  159
PfGN01_000022200	PfGB4_030031000	100.00	115	0	0	1	115	1	115	2e-84	  240
PfGN01_010005100	PfGA01_030032200	64.29	126	39	2	1	122	1	124	6e-54	  163
PfGN01_010005400	PfDd2_040026300	66.67	129	40	1	1	129	1	126	2e-60	  180
PfGN01_010019800	PfSD01_080005400	75.21	117	27	1	1	115	1	117	7e-61	  180
PfGN01_010020000	PfGA01_040030900	65.87	126	38	2	1	121	1	126	3e-55	  166
PfGN01_010020400	PfKH02_070015200	65.15	132	41	3	1	129	1	130	1e-58	  175
PfGN01_020005600	PfGB4_040017800	64.62	130	43	3	1	129	1	128	4e-55	  166
PfGN01_020005900	PF3D7_0712900	65.35	127	38	3	1	123	1	125	8e-56	  167
PfGN01_020027900	PfKH01_080012900	73.50	117	30	1	1	117	1	116	8e-61	  180
PfGN01_020028200	PfGB4_000018400	78.95	114	21	2	1	114	1	111	5e-62	  182
PfGN01_030005500	PfGN01_100005600	67.94	131	38	3	1	129	1	129	3e-61	  182
PfGN01_030030400	Pf7G8_080013900	80.73	109	20	1	1	108	1	109	3e-61	  180
PfGN01_030030800	PfDd2_080005500	97.04	135	4	0	1	135	1	135	7e-97	  273
PfGN01_030030900	PfCD01_040017400	64.06	128	34	3	1	121	1	123	3e-54	  164
PfGN01_040005200	PfGN01_120025500	72.36	123	31	1	1	123	1	120	3e-61	  181
PfGN01_040017700	PfRAJ116_KNC35299	72.86	140	28	4	1	130	1	140	4e-68	  200
PfGN01_040018100	PfGN01_040018200	100.00	119	0	0	1	119	1	119	3e-87	  247
PfGN01_040018200	PfGN01_040018100	100.00	119	0	0	1	119	1	119	3e-87	  247
PfGN01_040018300	PfHB3_120045800	64.39	132	43	2	1	132	1	128	1e-59	  177
PfGN01_040018500	PfRAJ116_KNC35205	78.36	134	23	2	1	131	1	131	3e-73	  213
PfGN01_040026100	PfCD01_040026200	78.90	109	23	0	1	109	1	109	1e-59	  176
PfGN01_040026300	PfKH01_120046500	65.49	142	39	5	1	137	1	137	3e-59	  177
PfGN01_040026400	PF3D7_1255200	67.19	128	35	2	1	127	1	122	1e-59	  177
PfGN01_040032000	PfIGH-CR14_KNG73896	63.12	141	39	3	1	134	1	135	6e-56	  169
PfGN01_050005200	PfGN01_040018200	74.17	120	27	2	1	117	1	119	9e-61	  180
PfGN01_050037800	PfDd2_110053300	83.21	137	21	1	1	137	1	135	3e-79	  228
PfGN01_050037900	PfKH02_020026400	63.08	130	43	2	1	129	1	126	2e-54	  164
PfGN01_060005800	PfSD01_070028200	67.44	129	34	4	1	123	1	127	1e-55	  167
PfGN01_060005900	PfIT_070017100	73.64	129	21	2	1	122	1	123	8e-60	  177
PfGN01_060023300	PfHB3_060021800	100.00	119	0	0	1	119	1	119	5e-88	  249
PfGN01_060038400	PfGN01_040018200	77.69	121	25	2	1	121	1	119	4e-65	  191
PfGN01_070005300	PfIGH-CR14_KNG74275	67.14	140	40	3	1	135	1	139	3e-63	  187
PfGN01_070017000	PfSD01_130078900	68.18	110	32	2	1	110	1	107	6e-52	  156
PfGN01_070017200	PF3D7_0426000	68.94	132	34	4	1	129	1	128	1e-57	  172
PfGN01_070017400	PF3D7_0324900	66.92	130	33	3	1	120	1	130	5e-57	  171
PfGN01_070017500	PfGN01_080014400	60.47	129	36	4	1	115	1	128	3e-50	  153
PfGN01_070017800	PfKH01_020028300	69.53	128	26	4	1	124	1	119	6e-56	  168
PfGN01_070017900	PfIT_070017200	100.00	122	0	0	1	122	1	122	3e-89	  252
PfGN01_070037200	PfKH01_090042500	63.01	146	45	2	1	144	1	139	4e-62	  185
PfGN01_080005400	Pf7G8_070017300	77.88	113	24	1	1	112	1	113	3e-61	  181
PfGN01_080005700	PfHB3_120005700	75.61	123	30	0	1	123	1	123	2e-70	  204
PfGN01_080014400	PfRAJ116_KNC35448	66.42	134	39	5	1	128	1	134	3e-58	  174
PfGN01_080014600	PfKE01_040027900	82.64	121	20	1	1	121	1	120	6e-71	  206
PfGN01_080014800	PfDd2_080014100	76.30	135	26	3	1	129	1	135	2e-71	  208
PfGN01_080038400	PfKH02_040026000	68.75	128	36	4	1	127	1	125	3e-56	  169
PfGN01_090005700	Pf7G8_120046700	73.39	124	31	1	1	122	1	124	8e-64	  188
PfGN01_090005800	PfHB3_130080100	99.09	110	1	0	1	110	1	110	8e-80	  228
PfGN01_090042900	PfSN01_090005700	73.28	116	30	1	1	115	1	116	5e-61	  180
PfGN01_090043100	PfIT_070016600	76.36	110	26	0	1	110	1	110	4e-61	  180
PfGN01_100005600	PfRAJ116_KNC36035	72.31	130	30	2	1	129	1	125	2e-64	  190
PfGN01_100005800	PfHB3_070016000	56.35	126	51	1	1	122	1	126	4e-45	  140
PfGN01_100045900	PfKH01_120046800	61.81	144	46	3	1	143	1	136	5e-58	  174
PfGN01_110005800	PfKH01_020028300	70.87	127	25	4	1	123	1	119	6e-57	  170
PfGN01_110054500	PfKH01_040018300	72.14	140	34	3	1	138	1	137	7e-69	  202
PfGN01_110054700	Pf7G8_030030400	69.35	124	31	2	1	117	1	124	7e-60	  177
PfGN01_120005900	PfIGH-CR14_KNG74539	67.97	128	32	5	1	120	1	127	5e-55	  166
PfGN01_120025500	PfGN01_040005200	72.36	123	31	1	1	120	1	123	3e-61	  181
PfGN01_120046100	PfSN01_040017800	68.94	132	34	2	1	132	1	125	2e-62	  184
PfGN01_120046300	PfGA01_000007700	68.29	123	38	1	1	122	1	123	3e-56	  168
PfGN01_120046500	PfGN01_120047100	100.00	118	0	0	1	118	1	118	1e-87	  248
PfGN01_120047100	PfGN01_120046500	100.00	118	0	0	1	118	1	118	1e-87	  248
PfGN01_120061500	PfSD01_070060500	73.50	117	31	0	1	117	1	117	2e-62	  184
PfGN01_120061700	PfKH02_000007800	70.54	129	34	2	1	125	1	129	1e-61	  183
PfGN01_130005500	PfSN01_120005600	66.67	132	34	4	1	124	1	130	7e-58	  173
PfGN01_130005700	PfIGH-CR14_KNG74264	84.62	117	18	0	1	117	1	117	6e-72	  208
PfGN01_130079200	PfHB3_070005300	78.38	111	23	1	1	110	1	111	5e-54	  162
PfGN01_130079400	Pf7G8_070018200	67.46	126	34	1	1	119	1	126	4e-57	  171
PfGN01_140004000	PfKH02_090042700	81.03	116	22	0	1	116	1	116	1e-68	  199
PfGN01_140085000	PfKH01_000028900	61.82	110	40	2	1	108	1	110	4e-44	  137
PfGN01_140085400	PfSN01_080037400	76.11	113	27	0	1	113	1	113	7e-63	  185
PfGN01_140085600	Pf7G8_070017100	68.50	127	34	2	1	122	1	126	2e-60	  179
PfHB3_000006400	PfDd2_040026300	73.02	126	29	2	1	121	1	126	5e-62	  183
PfHB3_000008700	PfRAJ116_KNC35021	65.89	129	37	3	1	122	1	129	6e-57	  171
PfHB3_000008800	PfKE01_020025000	71.31	122	34	1	1	122	1	121	8e-62	  183
PfHB3_000011350	PfHB3_060037000	100.00	127	0	0	1	127	1	127	1e-94	  266
PfHB3_010005400	PfCD01_070016000	72.58	124	31	2	1	122	1	123	2e-60	  179
PfHB3_020005700	PfHB3_020026500	80.33	122	22	1	1	122	1	120	2e-67	  197
PfHB3_020005900	PfCD01_080005400	78.07	114	23	1	1	114	1	112	2e-59	  176
PfHB3_020026500	PfHB3_020005700	80.33	122	22	1	1	120	1	122	2e-67	  197
PfHB3_030029400	PfGN01_010020000	69.11	123	30	4	1	117	1	121	9e-55	  164
PfHB3_040016500	PfSN01_040017800	75.38	130	26	3	1	129	1	125	1e-65	  192
PfHB3_040016800	PfCD01_120045400	62.59	139	48	2	1	135	1	139	3e-61	  182
PfHB3_040017100	PfIT_040017400	100.00	145	0	0	1	145	1	145	2e-108	  303
PfHB3_040024700	PfHB3_120024300	71.88	128	32	1	1	124	1	128	7e-63	  186
PfHB3_040029500	PfHB3_090005500	100.00	136	0	0	1	136	1	136	1e-100	  282
PfHB3_050005200	PfSN01_090005700	76.72	116	27	0	1	116	1	116	1e-62	  184
PfHB3_050038500	PF3D7_1300100	63.51	148	40	3	1	139	1	143	7e-62	  184
PfHB3_060021800	PfGN01_060023300	100.00	119	0	0	1	119	1	119	5e-88	  249
PfHB3_060037000	PfHB3_000011350	100.00	127	0	0	1	127	1	127	1e-94	  266
PfHB3_070005300	PfGN01_130079200	78.38	111	23	1	1	111	1	110	2e-60	  178
PfHB3_070015700	PfCD01_120045200	73.23	127	34	0	1	127	1	127	8e-63	  186
PfHB3_070015800	PfKH01_070015700	72.46	138	27	4	1	130	1	135	3e-57	  172
PfHB3_070016000	PfGB4_070005800	72.22	126	33	1	1	126	1	124	2e-63	  187
PfHB3_070016100	PfIT_070017200	99.18	122	1	0	1	122	1	122	1e-88	  251
PfHB3_080005100	PfGN01_130005700	69.23	117	34	1	1	115	1	117	9e-56	  167
PfHB3_080013800	PF3D7_0413100	71.13	142	31	3	1	135	1	139	2e-69	  203
PfHB3_080014000	PfKH01_040018500	63.43	134	37	4	1	127	1	129	4e-54	  164
PfHB3_080014200	PfKH01_000029300	70.49	122	29	3	1	117	1	120	2e-56	  169
PfHB3_080014600	PfIT_040025500	63.36	131	43	2	1	128	1	129	2e-56	  170
PfHB3_090005500	PfHB3_040029500	100.00	136	0	0	1	136	1	136	1e-100	  282
PfHB3_100044500	PfSN01_120005700	88.99	109	12	0	1	109	1	109	1e-70	  204
PfHB3_120005700	PfGN01_080005700	75.61	123	30	0	1	123	1	123	2e-70	  204
PfHB3_120024300	PfHB3_040024700	71.88	128	32	1	1	128	1	124	8e-63	  186
PfHB3_120045000	PfGA01_120044800	100.00	119	0	0	1	119	1	119	9e-88	  248
PfHB3_120045200	PfIT_070016900	82.20	118	21	0	1	118	1	118	1e-71	  207
PfHB3_120045300	PfKH01_050005400	74.80	127	30	2	1	126	1	126	5e-61	  181
PfHB3_120045600	PfGA01_120045900	61.18	152	32	5	1	125	1	152	8e-56	  169
PfHB3_120045800	PfGA01_080012500	70.23	131	34	3	1	128	1	129	2e-62	  185
PfHB3_120059100	PfGB4_040018400	69.03	113	27	3	1	107	1	111	2e-48	  148
PfHB3_130005700	PfHB3_140085100	76.80	125	18	2	1	125	1	114	3e-62	  184
PfHB3_130080100	PfGN01_090005800	99.09	110	1	0	1	110	1	110	8e-80	  228
PfHB3_140005500	Pf7G8_070018200	64.29	126	34	4	1	115	1	126	2e-51	  156
PfHB3_140085100	PfHB3_130005700	76.80	125	18	2	1	114	1	125	3e-62	  184
PfIGH-CR14_KNG73896	PfSN01_070017300	67.14	140	38	5	1	135	1	137	1e-58	  176
PfIGH-CR14_KNG73897	PfKH01_080012900	76.07	117	27	1	1	117	1	116	2e-62	  184
PfIGH-CR14_KNG73901	PfCD01_130005500	66.89	148	32	7	1	133	1	146	3e-59	  177
PfIGH-CR14_KNG73903	PfSN01_120025100	81.89	127	19	2	1	126	1	124	6e-63	  186
PfIGH-CR14_KNG73904	PfIT_070017200	90.98	122	11	0	1	122	1	122	2e-81	  233
PfIGH-CR14_KNG73989	PfGB4_120045600	63.57	129	44	2	1	129	1	126	1e-55	  167
PfIGH-CR14_KNG73992	Pf7G8_080014200	67.63	139	42	2	1	138	1	137	3e-65	  192
PfIGH-CR14_KNG73994	PF3D7_0808600	67.67	133	36	4	1	129	1	130	5e-57	  171
PfIGH-CR14_KNG74078	PF3D7_0421100	69.17	120	34	2	1	118	1	119	6e-53	  160
PfIGH-CR14_KNG74130	PfIT_140085700	70.77	130	29	5	1	126	1	125	9e-60	  178
PfIGH-CR14_KNG74131	PfKH02_060023700	76.36	110	25	1	1	109	1	110	7e-56	  167
PfIGH-CR14_KNG74135	PfSD01_130079200	63.64	121	41	2	1	119	1	120	2e-52	  159
PfIGH-CR14_KNG74136	PfGA01_000009400	64.29	140	39	4	1	131	1	138	7e-58	  174
PfIGH-CR14_KNG74195	PfGB4_040018100	64.83	145	32	3	1	142	1	129	2e-62	  186
PfIGH-CR14_KNG74202	PfCD01_020005900	70.29	138	31	5	1	135	1	131	4e-62	  184
PfIGH-CR14_KNG74203	PfSN01_050037800	85.96	114	14	1	1	112	1	114	4e-71	  206
PfIGH-CR14_KNG74206	PfSN01_000020900	71.82	110	31	0	1	110	1	110	3e-55	  165
PfIGH-CR14_KNG74264	PfGN01_130005700	84.62	117	18	0	1	117	1	117	6e-72	  208
PfIGH-CR14_KNG74265	PfRAJ116_KNC35021	66.67	129	37	1	1	123	1	129	1e-58	  175
PfIGH-CR14_KNG74275	PfGN01_070005300	67.14	140	40	3	1	139	1	135	3e-63	  187
PfIGH-CR14_KNG74277	PfKH01_020028200	76.72	116	27	0	1	116	1	116	2e-64	  189
PfIGH-CR14_KNG74414	PfKH02_030005900	56.25	128	55	1	1	128	1	127	9e-51	  155
PfIGH-CR14_KNG74417	PfIT_040025800	66.67	135	38	3	1	128	1	135	7e-60	  179
PfIGH-CR14_KNG74419	PfKH01_120047100	68.31	142	41	3	1	142	1	138	4e-68	  200
PfIGH-CR14_KNG74539	PF3D7_0400100	65.93	135	37	3	1	127	1	134	2e-57	  172
PfIGH-CR14_KNG74644	PfIT_080014100	68.84	138	37	3	1	132	1	138	3e-63	  187
PfIGH-CR14_KNG74645	PfHB3_100044500	88.07	109	13	0	1	109	1	109	2e-69	  201
PfIGH-CR14_KNG74785	PfKH02_080014500	91.74	121	10	0	1	121	1	121	4e-81	  232
PfIGH-CR14_KNG74786	PfGB4_140005500	68.00	125	35	3	1	124	1	121	8e-57	  170
PfIGH-CR14_KNG74863	PfSN01_040005400	80.17	116	19	2	1	115	1	113	5e-63	  185
PfIGH-CR14_KNG74927	PfKH01_110005100	69.75	119	34	2	1	118	1	118	2e-55	  166
PfIGH-CR14_KNG74944	PfHB3_080014200	68.38	117	36	1	1	116	1	117	1e-53	  162
PfIGH-CR14_KNG74946	PfGB4_000013800	79.13	115	21	2	1	113	1	114	6e-60	  177
PfIGH-CR14_KNG75234	Pf7G8_080038300	98.39	124	0	1	1	122	1	124	5e-87	  247
PfIGH-CR14_KNG75236	PfKE01_080037600	79.49	117	23	1	1	116	1	117	5e-67	  196
PfIGH-CR14_KNG75243	PfGA01_010005600	100.00	110	0	0	1	110	1	110	1e-80	  230
PfIGH-CR14_KNG75244	PfDd2_110053400	64.06	128	42	2	1	128	1	124	3e-55	  166
PfIGH-CR14_KNG75277	PfGA01_080012500	66.41	131	38	3	1	127	1	129	7e-59	  176
PfIGH-CR14_KNG75311	PfSD01_020005700	67.27	110	36	0	1	110	1	110	2e-52	  158
PfIGH-CR14_KNG75312	PfSD01_120045000	68.22	129	34	3	1	128	1	123	2e-60	  179
PfIGH-CR14_KNG75470	PfSD01_080014500	67.88	137	35	3	1	137	1	128	3e-63	  187
PfIGH-CR14_KNG75495	PfIGH-CR14_KNG74203	85.96	114	14	1	1	114	1	112	3e-69	  201
PfIGH-CR14_KNG75497	PfKH01_040018500	71.97	132	34	2	1	132	1	129	1e-66	  196
PfIGH-CR14_KNG75771	PfRAJ116_KNC35070	91.80	122	9	1	1	122	1	121	8e-81	  231
PfIGH-CR14_KNG75833	PfSD01_070060500	82.91	117	20	0	1	117	1	117	2e-70	  204
PfIGH-CR14_KNG75945	PfDd2_130005700	66.67	126	33	3	1	118	1	125	9e-57	  170
PfIGH-CR14_KNG76129	PfKH02_040005500	80.77	130	22	3	1	127	1	130	9e-73	  211
PfIGH-CR14_KNG76199	PfGB4_040017800	65.41	133	38	5	1	130	1	128	2e-56	  170
PfIGH-CR14_KNG76228	PfSD01_070028600	72.95	122	29	3	1	118	1	122	2e-58	  174
PfIGH-CR14_KNG77255	PfGA01_070015600	55.75	113	35	3	1	98	1	113	1e-38	  122
PfIGH-CR14_KNG77261	Pf7G8_080013800	62.86	140	41	4	1	137	1	132	2e-56	  170
PfIGH-CR14_KNG77990	PfIGH-CR14_KNG74644	66.18	136	41	2	1	135	1	132	4e-63	  187
PfIGH-CR14_KNG78240	PfCD01_030030500	60.55	109	43	0	1	109	1	109	2e-49	  150
PfIT_000009500	PfSD01_070027900	62.61	115	41	1	1	113	1	115	2e-50	  153
PfIT_000010800	PfIT_080013800	92.54	134	10	0	1	134	1	134	1e-92	  262
PfIT_010005000	Pf7G8_080038300	68.46	130	34	4	1	129	1	124	9e-55	  165
PfIT_020005200	PfKH02_120045600	67.42	132	37	2	1	126	1	132	1e-59	  178
PfIT_020027600	Pf7G8_120046600	68.22	129	33	4	1	123	1	127	4e-57	  171
PfIT_030005100	PfHB3_080014600	62.50	128	41	3	1	121	1	128	3e-52	  158
PfIT_030029700	PF3D7_0400400	86.09	115	15	1	1	115	1	114	7e-69	  200
PfIT_030029800	PfKH01_030030500	100.00	124	0	0	1	124	1	124	5e-91	  257
PfIT_040005400	PfIGH-CR14_KNG77990	66.67	138	43	2	1	138	1	135	6e-63	  187
PfIT_040017000	PfGA01_040017300	77.85	149	20	2	1	148	1	137	2e-79	  229
PfIT_040017300	PfIT_040017400	82.43	148	21	2	1	146	1	145	3e-84	  241
PfIT_040017400	PfHB3_040017100	100.00	145	0	0	1	145	1	145	2e-108	  303
PfIT_040025100	PfKH01_070016200	64.79	142	37	3	1	138	1	133	1e-62	  186
PfIT_040025300	PfKH02_120045700	71.72	145	29	5	1	139	1	139	6e-68	  199
PfIT_040025500	PfKH02_040005500	68.18	132	37	4	1	129	1	130	5e-58	  174
PfIT_040025800	PfIT_120005500	69.85	136	37	4	1	135	1	133	1e-61	  183
PfIT_040030600	PfIT_120045700	64.89	131	30	6	1	117	1	129	1e-51	  157
PfIT_050005500	PfKH01_060039600	74.55	110	26	2	1	108	1	110	2e-53	  160
PfIT_050038500	PfCD01_120058500	66.43	140	39	5	1	135	1	137	6e-59	  177
PfIT_060021400	PfKH02_040026700	100.00	123	0	0	1	123	1	123	2e-89	  253
PfIT_060036700	PfKE01_030005200	100.00	115	0	0	1	115	1	115	4e-84	  239
PfIT_060036800	PfIT_130005200	100.00	125	0	0	1	125	1	125	7e-92	  259
PfIT_070005800	PfIGH-CR14_KNG73992	64.54	141	41	2	1	135	1	138	4e-62	  185
PfIT_070005900	PfKE01_030005200	94.78	115	6	0	1	115	1	115	1e-81	  233
PfIT_070016600	PfDd2_070015900	100.00	110	0	0	1	110	1	110	1e-80	  229
PfIT_070016700	PfDd2_070016000	100.00	115	0	0	1	115	1	115	5e-85	  241
PfIT_070016900	PfGB4_070017900	100.00	118	0	0	1	118	1	118	1e-86	  245
PfIT_070017100	PfGB4_070018100	100.00	123	0	0	1	123	1	123	4e-91	  257
PfIT_070017200	PfGN01_070017900	100.00	122	0	0	1	122	1	122	3e-89	  252
PfIT_080013800	PfIT_000010800	92.54	134	10	0	1	134	1	134	1e-92	  262
PfIT_080014100	PfIT_000010800	76.81	138	28	3	1	138	1	134	2e-70	  206
PfIT_080037400	PfSD01_000008500	69.05	126	34	2	1	122	1	125	1e-59	  177
PfIT_090005100	PfSD01_070015800	70.18	114	34	0	1	114	1	114	4e-56	  168
PfIT_100044000	PfGB4_050005400	82.20	118	20	1	1	118	1	117	8e-68	  197
PfIT_100044100	PfIT_120024500	67.74	124	36	4	1	123	1	121	8e-53	  160
PfIT_110005600	PfIGH-CR14_KNG77990	64.49	138	44	4	1	136	1	135	1e-57	  173
PfIT_120005500	PfSD01_050038200	70.37	135	38	1	1	133	1	135	5e-69	  202
PfIT_120024500	PfIT_100044100	67.74	124	36	4	1	121	1	123	8e-53	  160
PfIT_120024600	PfSN01_070036700	66.96	112	34	1	1	112	1	109	1e-53	  161
PfIT_120045200	PfCD01_120045000	100.00	129	0	0	1	129	1	129	6e-97	  273
PfIT_120045600	PfKH02_080014700	70.68	133	34	3	1	129	1	132	7e-63	  186
PfIT_120045700	PfKH01_000031700	66.92	130	33	3	1	129	1	121	7e-55	  166
PfIT_120045800	PfGB4_080013300	66.42	137	32	4	1	124	1	136	6e-60	  179
PfIT_120046200	PfGB4_030005800	73.76	141	33	2	1	141	1	137	2e-72	  211
PfIT_120060300	PfGN01_140004000	74.36	117	29	1	1	117	1	116	3e-62	  183
PfIT_120060400	PfGA01_060005600	84.26	108	17	0	1	108	1	108	1e-66	  194
PfIT_130005200	PfIT_060036800	100.00	125	0	0	1	125	1	125	7e-92	  259
PfIT_130005300	PfGN01_120061500	69.23	117	36	0	1	117	1	117	2e-60	  179
PfIT_130077800	PfKH02_010019900	100.00	126	0	0	1	126	1	126	2e-92	  261
PfIT_140006100	PfGB4_070005800	59.68	124	42	3	1	116	1	124	1e-50	  154
PfIT_140006200	PfSN01_120045800	94.02	117	6	1	1	116	1	117	3e-81	  232
PfIT_140006400	PfSN01_100005400	68.55	124	32	2	1	123	1	118	2e-58	  174
PfIT_140085700	PfIGH-CR14_KNG74130	70.77	130	29	5	1	125	1	126	9e-60	  178
PfKE01_000006200	PF3D7_0808600	58.70	138	42	5	1	131	1	130	6e-53	  161
PfKE01_000006800	PfKE01_080014600	100.00	121	0	0	1	121	1	121	2e-89	  253
PfKE01_000007800	PfGN01_100005600	70.68	133	35	2	1	133	1	129	4e-63	  187
PfKE01_010005000	PfDd2_100045900	82.61	115	20	0	1	115	1	115	6e-70	  203
PfKE01_020025000	PfHB3_000008800	71.31	122	34	1	1	121	1	122	8e-62	  183
PfKE01_030005200	PfIT_060036700	100.00	115	0	0	1	115	1	115	4e-84	  239
PfKE01_040005500	PfSD01_070016200	70.99	131	32	3	1	127	1	129	1e-63	  188
PfKE01_040019000	PfSD01_070015600	69.85	136	36	3	1	132	1	135	1e-63	  188
PfKE01_040019400	PfSD01_080014100	67.35	147	39	3	1	147	1	138	1e-67	  199
PfKE01_040019700	PfCD01_040018100	100.00	125	0	0	1	125	1	125	1e-91	  259
PfKE01_040019800	PfCD01_040018200	100.00	140	0	0	1	140	1	140	1e-102	  288
PfKE01_040020000	PfSD01_070029000	100.00	123	0	0	1	123	1	123	2e-91	  258
PfKE01_040027600	PfKH01_040026100	90.68	118	11	0	1	118	1	118	1e-78	  225
PfKE01_040027900	PfGN01_080014600	82.64	121	20	1	1	120	1	121	6e-71	  206
PfKE01_040032600	PfSN01_050037900	67.18	131	40	2	1	128	1	131	2e-60	  180
PfKE01_060023700	PfDd2_070035800	65.14	109	38	0	1	109	1	109	3e-53	  160
PfKE01_060038300	PfKE01_130005600	69.42	121	34	2	1	121	1	118	1e-53	  162
PfKE01_060038600	PfKH02_040026600	67.91	134	37	3	1	132	1	130	1e-60	  180
PfKE01_070015300	PfGB4_040018400	71.17	111	30	1	1	109	1	111	2e-54	  163
PfKE01_070015400	PfRAJ116_KNC35107	69.60	125	34	2	1	125	1	121	1e-59	  177
PfKE01_070015700	PfGB4_120045600	68.50	127	33	3	1	121	1	126	1e-57	  172
PfKE01_070015800	PfKH01_130076900	68.97	116	28	3	1	116	1	108	2e-51	  156
PfKE01_070016000	PfSD01_070041500	87.50	128	10	1	1	128	1	122	3e-74	  214
PfKE01_070035100	PfGB4_000018400	78.95	114	21	2	1	114	1	111	9e-63	  184
PfKE01_070035300	PF3D7_1255200	72.44	127	27	4	1	124	1	122	1e-58	  175
PfKE01_080005400	Pf7G8_080014200	72.46	138	34	3	1	135	1	137	2e-67	  198
PfKE01_080005600	PfGB4_030006000	59.69	129	46	3	1	124	1	128	3e-51	  156
PfKE01_080014300	PfKH02_040025700	100.00	117	0	0	1	117	1	117	5e-86	  244
PfKE01_080014600	PfKE01_000006800	100.00	121	0	0	1	121	1	121	2e-89	  253
PfKE01_080037600	PfIGH-CR14_KNG75236	79.49	117	23	1	1	117	1	116	5e-67	  196
PfKE01_080037800	PfGB4_140085400	69.12	136	35	2	1	134	1	131	4e-63	  187
PfKE01_090005300	Pf7G8_080005400	64.03	139	39	4	1	130	1	137	6e-58	  174
PfKE01_090005600	PfSD01_120024300	63.64	121	44	0	1	121	1	121	5e-52	  158
PfKE01_100005500	PfCD01_020005900	68.15	135	31	4	1	127	1	131	7e-57	  171
PfKE01_110005600	PfSD01_030030200	97.60	125	3	0	1	125	1	125	2e-89	  253
PfKE01_120005400	PfSN01_050037900	62.69	134	41	3	1	128	1	131	6e-55	  166
PfKE01_120024500	PfRAJ116_KNC35364	76.23	122	29	0	1	122	1	122	3e-58	  174
PfKE01_120045100	PfGN01_040018200	69.11	123	33	2	1	122	1	119	4e-59	  176
PfKE01_120045400	PF3D7_0100100	67.19	128	37	4	1	127	1	124	2e-56	  169
PfKE01_120045700	PfGB4_040018400	71.17	111	31	1	1	110	1	111	3e-55	  165
PfKE01_120045900	PfKE01_120046300	100.00	125	0	0	1	125	1	125	6e-90	  254
PfKE01_120046100	PfKE01_120046300	100.00	125	0	0	1	125	1	125	6e-90	  254
PfKE01_120046300	PfKE01_120046100	100.00	125	0	0	1	125	1	125	6e-90	  254
PfKE01_120060300	PfSN01_000018200	70.99	131	33	2	1	128	1	129	4e-65	  191
PfKE01_130005400	PfHB3_060021800	69.11	123	32	3	1	121	1	119	4e-56	  168
PfKE01_130005600	PfKH02_070015100	72.73	121	30	1	1	118	1	121	2e-60	  179
PfKE01_140005300	PfGA01_080012500	68.94	132	37	3	1	131	1	129	3e-62	  184
PfKE01_140084200	PfKH01_120046500	60.27	146	41	5	1	138	1	137	9e-55	  166
PfKH01_000005050	PfKH01_050005500	100.00	111	0	0	1	111	1	111	5e-81	  231
PfKH01_000028300	PfKH01_040026500	100.00	124	0	0	1	124	1	124	2e-89	  253
PfKH01_000028700	PfKE01_070015300	70.00	110	32	1	1	110	1	109	1e-50	  154
PfKH01_000028900	PfGN01_090043100	77.27	110	25	0	1	110	1	110	1e-59	  176
PfKH01_000029300	PfHB3_080014200	70.49	122	29	3	1	120	1	117	2e-56	  169
PfKH01_000031700	PfIT_120045700	66.92	130	33	3	1	121	1	129	6e-55	  166
PfKH01_010005900	PfKH02_070015100	67.77	121	36	3	1	118	1	121	3e-51	  155
PfKH01_010021400	PfGB4_070006000	73.64	110	29	0	1	110	1	110	2e-58	  173
PfKH01_010021500	PfKH02_020026400	70.15	134	32	2	1	134	1	126	3e-63	  187
PfKH01_020028200	PfIGH-CR14_KNG74277	76.72	116	27	0	1	116	1	116	2e-64	  189
PfKH01_020028300	PF3D7_0733000	70.63	126	23	3	1	119	1	119	6e-58	  173
PfKH01_030030400	PfDd2_070035700	75.22	113	28	0	1	113	1	113	2e-61	  181
PfKH01_030030500	PfIT_030029800	100.00	124	0	0	1	124	1	124	5e-91	  257
PfKH01_040005700	PfKE01_120045700	64.55	110	38	1	1	109	1	110	9e-49	  149
PfKH01_040005800	PfKE01_010005000	69.57	115	34	1	1	114	1	115	3e-54	  163
PfKH01_040017400	PfIT_040017300	76.35	148	17	3	1	132	1	146	6e-67	  197
PfKH01_040017700	PfRAJ116_KNC36455	69.11	123	29	3	1	114	1	123	6e-56	  167
PfKH01_040017800	PfIGH-CR14_KNG73896	63.50	137	37	3	1	126	1	135	3e-57	  172
PfKH01_040018100	PfKH01_040018300	100.00	137	0	0	1	137	1	137	2e-102	  287
PfKH01_040018300	PfKH01_040018100	100.00	137	0	0	1	137	1	137	2e-102	  287
PfKH01_040018500	PfKH01_040018300	77.37	137	23	2	1	129	1	137	1e-71	  209
PfKH01_040026100	PfKE01_040027600	90.68	118	11	0	1	118	1	118	1e-78	  225
PfKH01_040026500	PfKH01_000028300	100.00	124	0	0	1	124	1	124	2e-89	  253
PfKH01_040026700	Pf7G8_040030800	64.12	131	36	4	1	125	1	126	1e-54	  165
PfKH01_040027700	PfKH01_100044800	100.00	136	0	0	1	136	1	136	2e-101	  285
PfKH01_050005400	PfHB3_120045300	74.80	127	30	2	1	126	1	126	5e-61	  181
PfKH01_050005500	PfKH01_000005050	100.00	111	0	0	1	111	1	111	5e-81	  231
PfKH01_050038400	PfSD01_070028200	67.69	130	35	3	1	126	1	127	1e-56	  170
PfKH01_060006700	PfGA01_070036400	61.90	126	43	3	1	121	1	126	1e-52	  160
PfKH01_060024600	PfRAJ116_KNC35021	67.69	130	38	3	1	127	1	129	4e-56	  169
PfKH01_060039600	PfIT_050005500	74.55	110	26	2	1	110	1	108	2e-53	  160
PfKH01_070015700	PfHB3_070015800	72.46	138	27	4	1	135	1	130	2e-64	  190
PfKH01_070016200	PfKH01_070016700	100.00	133	0	0	1	133	1	133	7e-100	  280
PfKH01_070016700	PfKH01_070016200	100.00	133	0	0	1	133	1	133	7e-100	  280
PfKH01_070016900	PfIT_040017000	64.90	151	39	5	1	140	1	148	5e-64	  190
PfKH01_080012900	PfGN01_020027900	73.50	117	30	1	1	116	1	117	8e-61	  180
PfKH01_080013300	PfKH01_080013800	100.00	128	0	0	1	128	1	128	6e-94	  265
PfKH01_080013800	PfKH01_080013300	100.00	128	0	0	1	128	1	128	6e-94	  265
PfKH01_080013900	Pf7G8_070017300	66.67	114	37	1	1	114	1	113	8e-52	  157
PfKH01_080014200	PfKH01_080013300	74.81	135	26	2	1	134	1	128	3e-68	  200
PfKH01_080038100	Pf7G8_040025600	63.24	136	36	5	1	123	1	135	1e-51	  157
PfKH01_090005300	PfHB3_020005700	70.73	123	30	3	1	118	1	122	4e-57	  171
PfKH01_090042500	PfGN01_070037200	63.01	146	45	2	1	139	1	144	4e-62	  185
PfKH01_100044700	PfKH01_110005100	100.00	118	0	0	1	118	1	118	1e-86	  246
PfKH01_100044800	PfKH01_040027700	100.00	136	0	0	1	136	1	136	2e-101	  285
PfKH01_110005100	PfKH01_100044700	100.00	118	0	0	1	118	1	118	1e-86	  246
PfKH01_120005400	PfSD01_070027900	63.79	116	40	2	1	115	1	115	6e-51	  154
PfKH01_120046500	PfKH01_120046800	69.29	140	36	3	1	137	1	136	3e-62	  185
PfKH01_120046800	PfKH02_070015500	65.96	141	39	3	1	136	1	137	3e-64	  190
PfKH01_120046900	PfGN01_030030400	68.81	109	32	2	1	108	1	108	2e-47	  145
PfKH01_120047100	PfIGH-CR14_KNG74419	68.31	142	41	3	1	138	1	142	4e-68	  200
PfKH01_130076800	PfIT_070016900	60.83	120	44	3	1	119	1	118	6e-46	  142
PfKH01_130076900	PfKE01_070015800	68.97	116	28	3	1	108	1	116	2e-51	  156
PfKH01_140005400	PfIT_120005500	66.42	137	35	2	1	130	1	133	5e-61	  181
PfKH01_140085400	Pf7G8_060022500	61.26	111	41	1	1	111	1	109	1e-45	  141
PfKH02_000007800	PfKH02_070035100	100.00	129	0	0	1	129	1	129	7e-95	  267
PfKH02_010004900	PfDd2_130078700	70.94	117	32	2	1	116	1	116	9e-57	  169
PfKH02_010019900	PfIT_130077800	100.00	126	0	0	1	126	1	126	2e-92	  261
PfKH02_020026400	PfKH01_010021500	70.15	134	32	2	1	126	1	134	3e-63	  187
PfKH02_030005900	PfKE01_070016000	62.60	131	42	2	1	127	1	128	7e-53	  160
PfKH02_030006200	Pf7G8_030005900	95.65	115	5	0	1	115	1	115	2e-80	  230
PfKH02_030030250	PfGB4_030006000	71.32	129	36	1	1	129	1	128	3e-61	  182
PfKH02_040005500	PfIGH-CR14_KNG76129	80.77	130	22	3	1	130	1	127	9e-73	  211
PfKH02_040017200	PfKH02_040017600	100.00	137	0	0	1	137	1	137	2e-101	  285
PfKH02_040017600	PfKH02_040017200	100.00	137	0	0	1	137	1	137	2e-101	  285
PfKH02_040018000	PfKH01_040018300	69.23	143	33	5	1	138	1	137	8e-64	  189
PfKH02_040025700	PfKE01_080014300	100.00	117	0	0	1	117	1	117	5e-86	  244
PfKH02_040026000	PfSN01_120046000	70.40	125	35	2	1	125	1	123	3e-61	  181
PfKH02_040026600	PfKH02_040005500	72.73	132	32	4	1	130	1	130	5e-62	  184
PfKH02_040026700	PfIT_060021400	100.00	123	0	0	1	123	1	123	2e-89	  253
PfKH02_040032200	PfKH02_120005100	100.00	127	0	0	1	127	1	127	2e-92	  261
PfKH02_050005500	PfCD01_070016300	69.92	133	29	5	1	128	1	127	4e-57	  171
PfKH02_060005700	Pf7G8_050038400	70.87	127	29	2	1	120	1	126	2e-60	  179
PfKH02_060005800	PfSN01_060037800	100.00	112	0	0	1	112	1	112	4e-82	  234
PfKH02_060023700	PfGB4_010005500	84.55	110	17	0	1	110	1	110	1e-68	  199
PfKH02_060023900	PfKH02_060024100	100.00	128	0	0	1	128	1	128	5e-94	  265
PfKH02_060024100	PfKH02_060023900	100.00	128	0	0	1	128	1	128	5e-94	  265
PfKH02_060039000	PF3D7_0425800	61.98	121	43	2	1	118	1	121	2e-49	  151
PfKH02_070015000	PfKH01_040026500	79.03	124	26	0	1	124	1	124	6e-70	  204
PfKH02_070015100	PfKE01_130005600	72.73	121	30	1	1	121	1	118	2e-60	  179
PfKH02_070015200	PfGN01_010020400	65.15	132	41	3	1	130	1	129	1e-58	  175
PfKH02_070015500	PfSD01_070015600	86.96	138	14	2	1	137	1	135	4e-84	  241
PfKH02_070015900	PfSD01_070041500	100.00	122	0	0	1	122	1	122	4e-88	  249
PfKH02_070035100	PfKH02_000007800	100.00	129	0	0	1	129	1	129	7e-95	  267
PfKH02_080005200	PfHB3_000011350	67.42	132	36	2	1	130	1	127	6e-59	  176
PfKH02_080014100	PfGN01_040017700	59.23	130	40	4	1	117	1	130	5e-45	  140
PfKH02_080014300	PfRAJ116_KNC35122	92.86	112	8	0	1	112	1	112	4e-75	  216
PfKH02_080014500	PfIGH-CR14_KNG74785	91.74	121	10	0	1	121	1	121	4e-81	  232
PfKH02_080014700	PfIT_120045600	70.68	133	34	3	1	132	1	129	7e-63	  186
PfKH02_080038400	PfSN01_070005400	66.94	124	30	3	1	121	1	116	5e-54	  163
PfKH02_090005100	PfKH02_100005000	100.00	133	0	0	1	133	1	133	5e-100	  281
PfKH02_090042700	PfRAJ116_KNC35044	82.76	116	20	0	1	116	1	116	9e-70	  202
PfKH02_090042800	PfKE01_120024500	62.99	127	42	2	1	127	1	122	3e-54	  164
PfKH02_100005000	PfKH02_090005100	100.00	133	0	0	1	133	1	133	5e-100	  281
PfKH02_100045500	PF3D7_0712900	72.14	140	24	4	1	140	1	125	4e-67	  197
PfKH02_110005700	PfKH02_040017200	69.23	143	31	4	1	136	1	137	5e-65	  192
PfKH02_110054900	PfKH02_120059400	100.00	116	0	0	1	116	1	116	2e-84	  239
PfKH02_120005100	PfKH02_040032200	100.00	127	0	0	1	127	1	127	2e-92	  261
PfKH02_120024500	PfSN01_070036700	76.36	110	25	1	1	110	1	109	1e-60	  179
PfKH02_120045200	PfIT_080013800	62.69	134	46	2	1	130	1	134	6e-58	  174
PfKH02_120045600	PfSN01_080012800	73.88	134	28	4	1	132	1	129	1e-65	  193
PfKH02_120045700	PfIT_040025300	71.72	145	29	5	1	139	1	139	6e-68	  199
PfKH02_120059400	PfKH02_110054900	100.00	116	0	0	1	116	1	116	2e-84	  239
PfKH02_140005500	PfIGH-CR14_KNG75312	66.67	138	35	5	1	137	1	128	7e-59	  176
PfRAJ116_KNC35011	PfGB4_080013300	65.22	138	31	3	1	123	1	136	3e-60	  179
PfRAJ116_KNC35019	PfSD01_070016400	69.37	111	33	1	1	110	1	111	7e-55	  164
PfRAJ116_KNC35020	PfRAJ116_KNC35022	72.17	115	29	2	1	115	1	112	6e-57	  170
PfRAJ116_KNC35021	PF3D7_0324900	69.47	131	37	2	1	129	1	130	1e-62	  185
PfRAJ116_KNC35022	PfRAJ116_KNC35097	81.25	112	21	0	1	112	1	112	3e-66	  193
PfRAJ116_KNC35043	PfRAJ116_KNC35591	100.00	119	0	0	1	119	1	119	2e-88	  250
PfRAJ116_KNC35044	PfKH02_090042700	82.76	116	20	0	1	116	1	116	9e-70	  202
PfRAJ116_KNC35050	Pf7G8_070017100	67.97	128	34	3	1	123	1	126	2e-57	  172
PfRAJ116_KNC35063	PfDd2_030005400	72.65	117	31	1	1	117	1	116	2e-60	  179
PfRAJ116_KNC35065	PfKH02_030030250	58.96	134	50	3	1	134	1	129	2e-50	  155
PfRAJ116_KNC35067	PfSN01_000018200	64.66	133	42	3	1	132	1	129	2e-57	  172
PfRAJ116_KNC35070	PfIGH-CR14_KNG75771	91.80	122	9	1	1	121	1	122	8e-81	  231
PfRAJ116_KNC35072	PfKH01_120046500	65.69	137	33	4	1	123	1	137	2e-58	  175
PfRAJ116_KNC35078	PfSN01_070016900	73.44	128	27	3	1	125	1	124	2e-63	  187
PfRAJ116_KNC35079	PfIGH-CR14_KNG74863	74.78	115	29	0	1	115	1	115	3e-61	  181
PfRAJ116_KNC35083	PfRAJ116_KNC35883	67.65	136	32	4	1	134	1	126	8e-59	  176
PfRAJ116_KNC35097	PfRAJ116_KNC35022	81.25	112	21	0	1	112	1	112	3e-66	  193
PfRAJ116_KNC35107	PfKE01_070015400	69.60	125	34	2	1	121	1	125	1e-59	  177
PfRAJ116_KNC35109	PfRAJ116_KNC35011	65.35	127	36	4	1	123	1	123	3e-52	  159
PfRAJ116_KNC35122	PfRAJ116_KNC35300	100.00	112	0	0	1	112	1	112	1e-80	  230
PfRAJ116_KNC35124	PfGA01_130005500	70.34	118	33	1	1	118	1	116	1e-58	  174
PfRAJ116_KNC35125	PfRAJ116_KNC35122	100.00	112	0	0	1	112	1	112	1e-80	  230
PfRAJ116_KNC35138	PfIGH-CR14_KNG75833	73.50	117	29	1	1	115	1	117	1e-62	  184
PfRAJ116_KNC35192	PfIGH-CR14_KNG75236	75.00	116	29	0	1	116	1	116	4e-61	  181
PfRAJ116_KNC35205	PfGN01_040018500	78.36	134	23	2	1	131	1	131	3e-73	  213
PfRAJ116_KNC35208	PfKH02_120045700	67.14	140	45	1	1	140	1	139	3e-67	  198
PfRAJ116_KNC35276	PfGA01_080036000	72.36	123	29	2	1	121	1	120	7e-59	  175
PfRAJ116_KNC35299	PfDd2_080013900	100.00	140	0	0	1	140	1	140	3e-103	  290
PfRAJ116_KNC35300	PfRAJ116_KNC35122	100.00	112	0	0	1	112	1	112	1e-80	  230
PfRAJ116_KNC35324	PfDd2_040005100	100.00	111	0	0	1	111	1	111	3e-81	  231
PfRAJ116_KNC35364	PfKE01_120024500	76.23	122	29	0	1	122	1	122	4e-65	  191
PfRAJ116_KNC35447	PfKH02_080014300	64.60	113	22	2	1	96	1	112	9e-48	  145
PfRAJ116_KNC35448	PfGN01_080014400	66.42	134	39	5	1	134	1	128	4e-58	  174
PfRAJ116_KNC35509	PfGB4_120045400	82.68	127	19	2	1	124	1	127	1e-71	  208
PfRAJ116_KNC35536	PfIT_040025800	68.61	137	38	4	1	134	1	135	2e-61	  183
PfRAJ116_KNC35551	PfGA01_040017300	63.50	137	44	3	1	131	1	137	5e-59	  177
PfRAJ116_KNC35591	PfRAJ116_KNC35043	100.00	119	0	0	1	119	1	119	2e-88	  250
PfRAJ116_KNC35851	PfIT_070016600	75.68	111	25	2	1	110	1	110	7e-56	  167
PfRAJ116_KNC35866	PfKH02_080014500	67.20	125	37	1	1	125	1	121	3e-57	  171
PfRAJ116_KNC35883	PfDd2_020025400	67.72	127	38	3	1	126	1	125	6e-60	  178
PfRAJ116_KNC35929	PfCD01_070016300	72.87	129	29	4	1	125	1	127	5e-62	  184
PfRAJ116_KNC35932	PfSD01_060021500	100.00	120	0	0	1	120	1	120	2e-87	  248
PfRAJ116_KNC36035	PfGN01_100005600	72.31	130	30	2	1	125	1	129	2e-64	  190
PfRAJ116_KNC36059	PfSD01_070041400	100.00	119	0	0	1	119	1	119	9e-87	  246
PfRAJ116_KNC36060	PfRAJ116_KNC35205	70.23	131	28	3	1	120	1	131	1e-58	  175
PfRAJ116_KNC36089	PfKE01_010005000	71.30	115	33	0	1	115	1	115	7e-58	  172
PfRAJ116_KNC36455	PfDd2_120023900	98.37	123	2	0	1	123	1	123	6e-88	  249
PfSD01_000005100	PfIT_070016600	71.82	110	30	1	1	109	1	110	2e-54	  163
PfSD01_000008500	PfSD01_130005600	100.00	125	0	0	1	125	1	125	2e-93	  263
PfSD01_010005000	PfSD01_090043300	100.00	125	0	0	1	125	1	125	5e-91	  257
PfSD01_010005200	PfGN01_000022200	76.52	115	27	0	1	115	1	115	8e-62	  182
PfSD01_020005600	PfGB4_120045900	70.83	120	31	3	1	118	1	118	3e-56	  168
PfSD01_020005700	PfIGH-CR14_KNG75243	75.68	111	25	2	1	110	1	110	4e-55	  165
PfSD01_030005500	PfCD01_080014000	64.57	127	40	2	1	123	1	126	3e-55	  166
PfSD01_030030200	PfSD01_140082900	100.00	125	0	0	1	125	1	125	3e-92	  260
PfSD01_050005200	PfSD01_120059200	100.00	120	0	0	1	120	1	120	2e-88	  250
PfSD01_050038200	PfIT_120005500	70.37	135	38	1	1	135	1	133	5e-69	  202
PfSD01_060021500	PfRAJ116_KNC35932	100.00	120	0	0	1	120	1	120	2e-87	  248
PfSD01_070005300	PfSD01_080005200	100.00	119	0	0	1	119	1	119	1e-86	  246
PfSD01_070005600	PfDd2_030005400	72.65	117	31	1	1	117	1	116	6e-61	  180
PfSD01_070015600	PfKH02_070015500	86.96	138	14	2	1	135	1	137	4e-84	  241
PfSD01_070015800	PfGA01_050037300	82.46	114	18	1	1	114	1	112	5e-66	  193
PfSD01_070015900	PfKH01_030030500	80.16	126	23	1	1	126	1	124	1e-61	  183
PfSD01_070016200	PfHB3_020005700	64.34	129	39	2	1	129	1	122	1e-57	  172
PfSD01_070016400	PfCD01_130078400	81.98	111	19	1	1	111	1	110	4e-64	  187
PfSD01_070027900	PfSD01_070028600	65.57	122	35	2	1	115	1	122	5e-55	  165
PfSD01_070028100	PfGB4_130005700	63.91	133	38	4	1	129	1	127	2e-56	  169
PfSD01_070028200	PfCD01_120045700	65.69	137	36	4	1	127	1	136	1e-56	  171
PfSD01_070028500	PfKE01_110005600	75.97	129	20	3	1	122	1	125	1e-63	  187
PfSD01_070028600	PfIGH-CR14_KNG76228	72.95	122	29	3	1	122	1	118	2e-58	  174
PfSD01_070028900	PfGA01_080036000	65.04	123	36	3	1	119	1	120	4e-53	  160
PfSD01_070029000	PfKE01_040020000	100.00	123	0	0	1	123	1	123	2e-91	  258
PfSD01_070036700	PfGA01_010020300	69.23	130	31	4	1	128	1	123	1e-55	  167
PfSD01_070036900	PfIGH-CR14_KNG73992	63.04	138	48	2	1	135	1	138	2e-59	  178
PfSD01_070041400	PfRAJ116_KNC36059	100.00	119	0	0	1	119	1	119	9e-87	  246
PfSD01_070041500	PfKH02_070015900	100.00	122	0	0	1	122	1	122	4e-88	  249
PfSD01_070060500	PfIGH-CR14_KNG75833	82.91	117	20	0	1	117	1	117	2e-70	  204
PfSD01_070060700	PfKH02_040025700	71.90	121	30	2	1	121	1	117	8e-60	  177
PfSD01_080005200	PfSD01_070005300	100.00	119	0	0	1	119	1	119	1e-86	  246
PfSD01_080005400	PfIGH-CR14_KNG74863	76.07	117	26	1	1	117	1	115	7e-63	  185
PfSD01_080014100	PfKE01_040019400	67.35	147	39	3	1	138	1	147	1e-67	  199
PfSD01_080014500	PfIGH-CR14_KNG75470	67.88	137	35	3	1	128	1	137	3e-63	  187
PfSD01_090005500	PfRAJ116_KNC35551	64.39	132	36	3	1	122	1	131	3e-55	  166
PfSD01_090043300	PfSD01_010005000	100.00	125	0	0	1	125	1	125	5e-91	  257
PfSD01_100044400	PfSN01_110052800	75.00	116	27	1	1	116	1	114	4e-60	  178
PfSD01_120005600	PfSN01_080013000	64.46	121	39	3	1	118	1	120	5e-54	  162
PfSD01_120024300	PfKE01_090005600	63.64	121	44	0	1	121	1	121	5e-52	  158
PfSD01_120045000	PfIGH-CR14_KNG75312	68.22	129	34	3	1	123	1	128	2e-60	  179
PfSD01_120045400	PfSD01_070028900	60.00	120	46	2	1	119	1	119	8e-50	  152
PfSD01_120045700	PfGA01_070015100	65.22	138	37	3	1	132	1	133	6e-60	  179
PfSD01_120059200	PfSD01_050005200	100.00	120	0	0	1	120	1	120	2e-88	  250
PfSD01_130005600	PfSD01_000008500	100.00	125	0	0	1	125	1	125	2e-93	  263
PfSD01_130078900	PfGN01_070017000	68.18	110	32	2	1	107	1	110	6e-52	  156
PfSD01_130079200	PF3D7_0421300	66.94	121	39	1	1	120	1	121	2e-56	  169
PfSD01_140082900	PfSD01_030030200	100.00	125	0	0	1	125	1	125	3e-92	  260
PfSN01_000005400	PF3D7_0600400	78.45	116	25	0	1	116	1	116	5e-66	  193
PfSN01_000009500	PfKH02_020026400	67.72	127	39	2	1	126	1	126	4e-58	  174
PfSN01_000010400	PF3D7_0937800	62.22	135	41	3	1	128	1	132	9e-55	  165
PfSN01_000012100	PfSN01_050037900	100.00	131	0	0	1	131	1	131	4e-97	  273
PfSN01_000015500	PfSN01_070005400	100.00	116	0	0	1	116	1	116	5e-85	  241
PfSN01_000016000	PfIT_040025800	63.24	136	45	3	1	132	1	135	7e-56	  169
PfSN01_000017100	PfKH02_080014500	68.03	122	38	1	1	122	1	121	2e-56	  169
PfSN01_000018200	PfKE01_120060300	70.99	131	33	2	1	129	1	128	5e-65	  191
PfSN01_000020700	PfKH02_040026000	62.40	125	45	1	1	123	1	125	1e-56	  170
PfSN01_000020900	PfCD01_130078400	90.91	110	10	0	1	110	1	110	1e-74	  214
PfSN01_030031500	PF3D7_1200100	77.69	121	23	3	1	119	1	119	5e-62	  183
PfSN01_040005200	PfKH01_040018500	62.79	129	48	0	1	129	1	129	7e-61	  181
PfSN01_040005400	PfIGH-CR14_KNG74863	80.17	116	19	2	1	113	1	115	5e-63	  185
PfSN01_040017400	PF3D7_0412400	65.22	138	39	3	1	131	1	136	3e-57	  172
PfSN01_040017700	PfRAJ116_KNC35536	65.71	140	31	6	1	129	1	134	2e-57	  172
PfSN01_040017800	PfHB3_040016500	75.38	130	26	3	1	125	1	129	1e-65	  192
PfSN01_040025500	PfGN01_080014600	72.73	121	30	1	1	118	1	121	6e-61	  181
PfSN01_040025900	PfSN01_120045800	66.95	118	38	1	1	118	1	117	2e-53	  161
PfSN01_050005000	PfSN01_050005400	100.00	115	0	0	1	115	1	115	4e-84	  239
PfSN01_050005400	PfSN01_050005000	100.00	115	0	0	1	115	1	115	4e-84	  239
PfSN01_050037800	PfIGH-CR14_KNG74203	85.96	114	14	1	1	114	1	112	4e-71	  206
PfSN01_050037900	PfSN01_000012100	100.00	131	0	0	1	131	1	131	4e-97	  273
PfSN01_060005100	PfCD01_120045100	67.19	128	39	2	1	126	1	127	3e-58	  174
PfSN01_060022500	PfCD01_060023000	100.00	110	0	0	1	110	1	110	6e-81	  231
PfSN01_060037800	PfKH02_060005800	100.00	112	0	0	1	112	1	112	4e-82	  234
PfSN01_060037900	PfSD01_020005600	67.21	122	36	2	1	122	1	118	3e-56	  168
PfSN01_070005400	PfSN01_000015500	100.00	116	0	0	1	116	1	116	5e-85	  241
PfSN01_070005700	PfGB4_010019100	100.00	110	0	0	1	110	1	110	2e-80	  229
PfSN01_070016500	PfGA01_070015100	64.38	146	39	3	1	146	1	133	8e-64	  189
PfSN01_070016700	PfRAJ116_KNC35205	74.45	137	29	2	1	137	1	131	4e-71	  207
PfSN01_070016900	Pf7G8_120005400	71.97	132	29	2	1	124	1	132	2e-65	  192
PfSN01_070017000	PfKH02_070015500	64.54	141	42	5	1	137	1	137	2e-58	  176
PfSN01_070017300	PfIGH-CR14_KNG73896	67.14	140	38	5	1	137	1	135	1e-58	  176
PfSN01_070017500	PF3D7_0413100	73.94	142	26	4	1	134	1	139	1e-70	  206
PfSN01_070036700	PfKH02_120024500	76.36	110	25	1	1	109	1	110	1e-60	  179
PfSN01_080012800	PfSN01_080013300	76.64	137	22	3	1	129	1	135	1e-67	  198
PfSN01_080013000	PfKH01_080013300	69.53	128	31	3	1	120	1	128	4e-57	  171
PfSN01_080013300	PfSN01_080012800	76.64	137	22	3	1	135	1	129	9e-71	  206
PfSN01_080013700	PfIGH-CR14_KNG77990	63.70	135	38	3	1	124	1	135	9e-57	  171
PfSN01_080037400	PfGN01_140085400	76.11	113	27	0	1	113	1	113	7e-63	  185
PfSN01_080037600	PfGA01_000006700	63.83	141	45	4	1	137	1	139	5e-58	  174
PfSN01_090005500	Pf7G8_050005300	66.94	124	37	3	1	124	1	120	1e-55	  167
PfSN01_090005700	PfHB3_050005200	76.72	116	27	0	1	116	1	116	1e-62	  184
PfSN01_100005200	PfGA01_120005500	77.12	118	27	0	1	118	1	118	9e-64	  187
PfSN01_100005400	PfCD01_070035600	100.00	118	0	0	1	118	1	118	3e-85	  242
PfSN01_110052800	PF3D7_0400400	80.70	114	22	0	1	114	1	114	1e-65	  192
PfSN01_110053000	PfIGH-CR14_KNG73992	71.01	138	31	5	1	129	1	138	1e-63	  188
PfSN01_120005600	PfKH01_040018300	64.75	139	38	3	1	130	1	137	3e-62	  185
PfSN01_120005700	PfHB3_100044500	88.99	109	12	0	1	109	1	109	1e-70	  204
PfSN01_120025100	PfIGH-CR14_KNG73903	81.89	127	19	2	1	124	1	126	3e-58	  174
PfSN01_120045500	Pf7G8_070017100	64.06	128	41	3	1	125	1	126	5e-54	  163
PfSN01_120045800	PfIT_140006200	94.02	117	6	1	1	117	1	116	3e-81	  232
PfSN01_120046000	PfSD01_070029000	86.99	123	16	0	1	123	1	123	5e-80	  229
PfSN01_120046300	PfSN01_070017000	65.49	142	39	2	1	137	1	137	3e-60	  180
PfSN01_120060500	PfRAJ116_KNC35122	73.45	113	24	2	1	108	1	112	9e-55	  164
PfSN01_120060800	PfKH02_120045600	66.42	137	39	3	1	135	1	132	4e-60	  179
PfSN01_120061000	Pf7G8_070005200	63.45	145	42	6	1	144	1	135	9e-56	  169
PfSN01_130075400	PfSN01_140087500	100.00	116	0	0	1	116	1	116	9e-85	  241
PfSN01_130075700	PfIGH-CR14_KNG75771	65.57	122	38	2	1	118	1	122	1e-52	  159
PfSN01_140006100	PfCD01_070016000	65.65	131	32	4	1	126	1	123	1e-57	  172
PfSN01_140087500	PfSN01_130075400	100.00	116	0	0	1	116	1	116	9e-85	  241
PfSN01_140088600	PfGN01_110005800	62.50	128	42	3	1	127	1	123	4e-53	  161
